0.000000 
0.000001 
0.000001 
0.000001 
0.000003 
0.000006 
0.000007 
0.000011 
0.000013 
0.000019 
0.000020 
0.000031 
0.000041 
0.000049 
0.000068 
0.000064 
0.000104 
0.000084 
0.000140 
0.000125 
0.000221 
0.000156 
0.000265 
0.000221 
0.000633 
0.000573 
0.000733 
0.000728 
0.000777 
0.000915 
0.000929 
0.001123 
0.001147 
0.001377 
0.001102 
0.001662 
0.001371 
0.001964 
0.001341 
0.001110 
0.000857 
0.001256 
0.000929 
0.001368 
0.001015 
0.001628 
0.001344 
0.001691 
0.001509 
0.001836 
0.001490 
0.001991 
0.001676 
0.002212 
0.002154 
0.002418 
0.002384 
0.002712 
0.002371 
0.003079 
0.002475 
0.003263 
0.003129 
0.003425 
0.003438 
0.003888 
0.003268 
0.004030 
0.003580 
0.004515 
0.004513 
0.004474 
0.004837 
0.004784 
0.004511 
0.005579 
0.004839 
0.005792 
0.005987 
0.006362 
0.006270 
0.006572 
0.005914 
0.006974 
0.006521 
0.007697 
0.007815 
0.008177 
0.008313 
0.008089 
0.007726 
0.008329 
0.008179 
0.009097 
0.010788 
0.009437 
0.009361 
0.009984 
0.009787 
0.010485 
0.010395 
0.011324 
0.012703 
0.012241 
0.011970 
0.012537 
0.012287 
0.013076 
0.012960 
0.013824 
0.015243 
0.014533 
0.014669 
0.015348 
0.015140 
0.016017 
0.015969 
0.016999 
0.018829 
0.017713 
0.017825 
0.018455 
0.018933 
0.019737 
0.019325 
0.020405 
0.022345 
0.021664 
0.021872 
0.022369 
0.027460 
0.024427 
0.023966 
0.024697 
0.027790 
0.026525 
0.025748 
0.026663 
0.026520 
0.028059 
0.027706 
0.028871 
0.035904 
0.030182 
0.030615 
0.031633 
0.031498 
0.032624 
0.032991 
0.034320 
0.038152 
0.035542 
0.035607 
0.036718 
0.036945 
0.038239 
0.038103 
0.039474 
0.041033 
0.041043 
0.041521 
0.043003 
0.043188 
0.044146 
0.044286 
0.045754 
0.051050 
0.047356 
0.048185 
0.049423 
0.050417 
0.053287 
0.051767 
0.052530 
0.064108 
0.054152 
0.054599 
0.056213 
0.056069 
0.058759 
0.058155 
0.061080 
0.064040 
0.061503 
0.062650 
0.077977 
0.064239 
0.066582 
0.067158 
0.068645 
0.074299 
0.070152 
0.070889 
0.089510 
0.072957 
0.075267 
0.075911 
0.076831 
0.083532 
0.078750 
0.080553 
0.098131 
0.082396 
0.105992 
0.084456 
0.086428 
0.095854 
0.089679 
0.089851 
0.091589 
0.091850 
0.116119 
0.095765 
0.119435 
0.098184 
0.099480 
0.101050 
0.103460 
0.102870 
0.104676 
0.105238 
0.108593 
0.111497 
0.110361 
0.111658 
0.133102 
0.115373 
0.138659 
0.117279 
0.139976 
0.123301 
0.144335 
0.123415 
0.126483 
0.127300 
0.129140 
0.130075 
0.133294 
0.141742 
0.139277 
0.138111 
0.139628 
0.139860 
0.142403 
0.144004 
0.147527 
0.148201 
0.149924 
0.152273 
0.154387 
0.153981 
0.157627 
0.159160 
0.160404 
0.174051 
0.164422 
0.166650 
0.169043 
0.170205 
0.172432 
0.175126 
0.176526 
0.179047 
0.181227 
0.184487 
0.184880 
0.187525 
0.188845 
0.192402 
0.193755 
0.199024 
0.201872 
0.201168 
0.203016 
0.205004 
0.206713 
0.210076 
0.211401 
0.215266 
0.216505 
0.220261 
0.221006 
0.223340 
0.226172 
0.228533 
0.232526 
0.242762 
0.237789 
0.239304 
0.312494 
0.244069 
0.246359 
0.248620 
0.251282 
0.254077 
0.256237 
0.261011 
0.262620 
0.263546 
0.269084 
0.273703 
0.271019 
0.278283 
0.277178 
0.282661 
0.281887 
0.285993 
0.289597 
0.292877 
0.294211 
0.297288 
0.299558 
0.304322 
0.305703 
0.309609 
0.310770 
0.314860 
0.317800 
0.332303 
0.321846 
0.328573 
0.327842 
0.334416 
0.334428 
0.340587 
0.341087 
0.347405 
0.347689 
0.353079 
0.353699 
0.358412 
0.359647 
0.366175 
0.366157 
0.373832 
0.373219 
0.380165 
0.379583 
0.386688 
0.391983 
0.401545 
0.393401 
0.399526 
0.400868 
0.407963 
0.408096 
0.413466 
0.414716 
0.420883 
0.421528 
0.443384 
0.429115 
0.437617 
0.436961 
0.443541 
0.444508 
0.449022 
0.456671 
0.459866 
0.460061 
0.468319 
0.466870 
0.475557 
0.474754 
0.484837 
0.483163 
0.491846 
0.490672 
0.501034 
0.499081 
0.508219 
0.508340 
0.514607 
0.515663 
0.523448 
0.524407 
0.533539 
0.532602 
0.540609 
0.542870 
0.668165 
0.552751 
0.558998 
0.559083 
0.567953 
0.568270 
0.575951 
0.577647 
0.596283 
0.586688 
0.594586 
0.597413 
0.615336 
0.604261 
0.611273 
0.614638 
0.623201 
0.625825 
0.631731 
0.632567 
0.643158 
0.643992 
0.649786 
0.652560 
0.659857 
0.662657 
0.671259 
0.678894 
0.681086 
0.682939 
0.690539 
0.691975 
0.706830 
0.701841 
0.732516 
0.713711 
0.724409 
0.726200 
0.731569 
0.823622 
0.744900 
0.744974 
0.752950 
0.755917 
0.767984 
0.770552 
0.776118 
0.778044 
0.787794 
0.793509 
0.788502 
0.801454 
0.814231 
0.805589 
0.807804 
0.815698 
0.820033 
0.825013 
0.830325 
0.835691 
0.860114 
0.848802 
0.868762 
0.860870 
0.882763 
0.873697 
0.916009 
0.882285 
0.908002 
0.898891 
0.917112 
0.908115 
0.931043 
0.920736 
0.945216 
0.935993 
0.990674 
0.966469 
0.958674 
0.971827 
0.971922 
0.974729 
0.982882 
0.990960 
0.995692 
1.010773 
1.058031 
1.018976 
1.233059 
1.056519 
1.242528 
1.504001 
1.121562 
1.120027 
1.386754 
1.149809 
1.177971 
1.160016 
1.214844 
1.126875 
1.177830 
1.174684 
1.490125 
1.299655 
1.325247 
1.213902 
1.152836 
1.154170 
1.162167 
1.168812 
1.179556 
1.184089 
1.190991 
1.201697 
1.204561 
1.229898 
1.217087 
1.227428 
1.232801 
1.244606 
1.247681 
1.258243 
1.259131 
1.297715 
1.272093 
1.285668 
1.284440 
1.298742 
1.310552 
1.318729 
1.314162 
