0.000000 
0.000001 
0.000001 
0.000003 
0.000003 
0.000004 
0.000007 
0.000008 
0.000014 
0.000014 
0.000022 
0.000022 
0.000035 
0.000034 
0.000048 
0.000049 
0.000070 
0.000083 
0.000107 
0.000107 
0.000139 
0.000138 
0.000173 
0.000180 
0.000225 
0.000207 
0.000263 
0.000278 
0.000341 
0.000313 
0.000376 
0.000459 
0.000470 
0.000467 
0.000559 
0.000623 
0.000668 
0.000620 
0.000805 
0.000843 
0.000901 
0.000833 
0.001081 
0.001150 
0.001190 
0.001094 
0.001391 
0.001384 
0.001492 
0.001399 
0.001727 
0.001772 
0.001953 
0.001731 
0.002104 
0.002254 
0.002337 
0.002131 
0.002594 
0.002696 
0.002920 
0.002729 
0.003172 
0.003320 
0.003428 
0.003093 
0.003695 
0.003985 
0.004156 
0.003676 
0.004405 
0.004657 
0.004752 
0.004308 
0.005015 
0.005361 
0.005609 
0.005004 
0.005667 
0.006275 
0.006370 
0.005814 
0.006783 
0.007029 
0.007109 
0.006689 
0.007641 
0.007840 
0.008007 
0.007603 
0.008318 
0.008023 
0.008246 
0.008790 
0.010751 
0.009294 
0.009344 
0.009552 
0.010047 
0.010248 
0.010492 
0.010672 
0.012208 
0.011506 
0.011760 
0.012017 
0.012654 
0.012995 
0.013255 
0.013282 
0.016588 
0.014283 
0.014797 
0.014773 
0.015525 
0.016019 
0.016247 
0.016358 
0.019202 
0.017587 
0.017810 
0.018109 
0.018797 
0.019607 
0.019611 
0.019856 
0.022208 
0.021569 
0.021724 
0.021881 
0.022878 
0.023264 
0.023725 
0.023987 
0.027653 
0.025484 
0.025703 
0.026192 
0.027068 
0.027755 
0.028547 
0.029839 
0.036557 
0.031463 
0.030415 
0.030856 
0.032511 
0.032877 
0.033024 
0.033382 
0.037444 
0.035211 
0.035652 
0.036099 
0.037182 
0.038028 
0.038561 
0.040784 
0.041279 
0.041188 
0.042071 
0.041961 
0.045070 
0.046801 
0.047017 
0.047467 
0.053298 
0.048762 
0.048948 
0.051585 
0.052665 
0.053547 
0.053901 
0.053994 
0.063500 
0.054825 
0.055613 
0.055412 
0.057346 
0.059381 
0.061876 
0.061419 
0.068184 
0.064848 
0.066065 
0.065539 
0.065645 
0.066929 
0.067342 
0.067756 
0.073662 
0.072894 
0.070868 
0.079107 
0.073727 
0.074387 
0.075375 
0.079428 
0.080050 
0.079827 
0.080723 
0.080899 
0.082304 
0.087281 
0.086509 
0.086045 
0.097299 
0.088634 
0.089860 
0.091037 
0.093224 
0.094268 
0.096462 
0.096007 
0.100003 
0.098907 
0.100529 
0.102139 
0.103925 
0.104761 
0.106248 
0.108423 
0.112439 
0.132411 
0.155858 
0.115736 
0.115796 
0.122628 
0.120117 
0.121051 
0.124671 
0.123231 
0.126278 
0.127679 
0.128385 
0.130213 
0.132298 
0.136571 
0.144461 
0.140940 
0.138266 
0.145857 
0.146135 
0.151298 
0.151425 
0.170858 
0.153675 
0.174895 
0.246855 
0.252205 
0.169874 
0.212414 
0.171157 
0.185796 
0.199319 
0.169419 
0.176622 
0.175613 
0.182881 
0.187962 
0.196990 
0.181087 
0.197291 
0.194495 
0.186851 
0.192657 
0.191055 
0.191956 
0.201590 
0.283838 
0.336393 
0.293060 
0.217941 
0.229299 
0.264182 
0.211160 
0.211815 
0.212882 
0.215872 
0.223834 
0.228414 
0.231921 
0.234278 
0.240231 
0.256261 
0.261740 
0.251572 
0.276570 
0.287587 
0.242720 
0.246154 
0.247471 
0.250920 
0.251592 
0.290740 
0.261137 
0.263938 
0.265063 
0.265920 
0.268870 
0.271840 
0.272787 
0.277292 
0.280611 
0.281464 
0.285844 
0.325782 
0.315581 
0.294253 
0.405591 
0.354663 
0.363932 
0.345654 
0.329287 
0.316438 
0.318605 
0.353751 
0.380786 
0.351083 
0.345775 
0.339275 
0.332363 
0.336427 
0.342717 
0.343933 
0.344264 
0.348060 
0.352176 
0.410213 
0.488509 
0.457268 
0.402564 
0.368844 
0.381303 
0.447957 
0.390750 
0.392169 
0.386189 
0.400208 
0.403537 
0.403814 
0.402437 
0.402804 
0.406458 
0.430292 
0.417242 
0.429177 
0.427033 
0.431456 
0.450042 
0.532673 
0.451284 
0.456539 
0.453958 
0.459272 
0.453789 
0.471071 
0.457546 
0.574223 
0.555007 
0.502097 
0.471483 
0.477027 
0.481181 
0.494908 
0.487578 
0.543721 
0.595146 
0.509027 
0.508172 
0.513009 
0.515731 
0.522818 
0.525213 
0.617616 
0.570540 
0.627050 
0.594649 
0.658745 
0.646056 
0.571361 
0.555446 
0.590635 
0.697762 
0.627003 
0.686384 
0.583833 
0.583879 
0.595151 
0.628637 
0.622472 
0.622815 
0.617624 
0.610657 
0.614979 
0.621577 
0.628872 
0.631682 
0.631196 
0.639974 
0.645461 
0.650596 
0.654584 
0.658150 
0.665759 
0.669508 
0.671609 
0.686948 
0.696152 
0.691576 
0.684341 
0.706028 
0.696282 
0.708220 
0.705034 
0.720100 
0.712713 
0.740283 
0.725964 
0.744296 
0.733144 
0.755717 
0.745632 
0.839418 
0.754736 
0.778762 
0.764589 
0.785373 
0.777970 
0.799795 
0.789249 
0.808470 
0.796765 
0.816796 
0.808275 
0.835156 
0.820753 
0.861904 
0.831928 
0.857623 
0.841963 
0.867536 
0.855329 
0.876616 
0.866879 
0.885167 
0.879731 
0.899356 
0.889369 
0.984827 
0.904287 
0.929074 
0.915302 
0.960591 
0.926403 
0.951737 
0.938130 
0.978580 
0.951980 
0.982883 
0.966220 
0.992889 
0.980746 
1.011337 
0.988701 
1.016455 
1.000957 
1.031771 
1.014880 
1.043563 
1.029153 
1.067557 
1.042084 
1.073877 
1.054704 
1.085863 
1.067258 
1.097490 
1.082168 
1.115611 
1.093970 
1.135903 
1.107862 
1.177099 
1.121391 
1.157568 
1.197168 
1.173492 
1.151754 
1.187408 
1.164677 
1.219029 
1.179846 
1.218010 
1.196397 
1.239273 
1.206676 
1.253920 
1.221500 
1.267504 
1.236093 
1.285474 
1.249660 
1.299852 
1.264738 
1.316180 
1.280186 
1.329344 
1.295157 
1.339592 
1.317664 
