0.000000 
0.000000 
0.000001 
0.000002 
0.000004 
0.000004 
0.000007 
0.000008 
0.000014 
0.000015 
0.000024 
0.000027 
0.000037 
0.000043 
0.000052 
0.000074 
0.000079 
0.000098 
0.000112 
0.000136 
0.000143 
0.000168 
0.000198 
0.000224 
0.000244 
0.000274 
0.000314 
0.000344 
0.000375 
0.000372 
0.000453 
0.000420 
0.000580 
0.000480 
0.000713 
0.000610 
0.000831 
0.000664 
0.000955 
0.000839 
0.001068 
0.000833 
0.001200 
0.001096 
0.001375 
0.001079 
0.001571 
0.001398 
0.001742 
0.001379 
0.001917 
0.001741 
0.002203 
0.001715 
0.002382 
0.002168 
0.002676 
0.002122 
0.002918 
0.002752 
0.003016 
0.002691 
0.003348 
0.003332 
0.003679 
0.003071 
0.003973 
0.003899 
0.004129 
0.003681 
0.004429 
0.004556 
0.004924 
0.004288 
0.005302 
0.005415 
0.005820 
0.005288 
0.006025 
0.006229 
0.006411 
0.005757 
0.006962 
0.006947 
0.007208 
0.006669 
0.007647 
0.007868 
0.008207 
0.007876 
0.008690 
0.008115 
0.008677 
0.008338 
0.010454 
0.009307 
0.009689 
0.009478 
0.010348 
0.010240 
0.010914 
0.010615 
0.012158 
0.011553 
0.012156 
0.011911 
0.013229 
0.013138 
0.013696 
0.013312 
0.016467 
0.014450 
0.015109 
0.014781 
0.015817 
0.015886 
0.016457 
0.016355 
0.019049 
0.017565 
0.018074 
0.018250 
0.019258 
0.019371 
0.020071 
0.019864 
0.022982 
0.021273 
0.021969 
0.021745 
0.023009 
0.023282 
0.023962 
0.023777 
0.027026 
0.025352 
0.026179 
0.025991 
0.027518 
0.027768 
0.028392 
0.028249 
0.035202 
0.030052 
0.030783 
0.031184 
0.032688 
0.032473 
0.033647 
0.033521 
0.037513 
0.035769 
0.035993 
0.035951 
0.037631 
0.038011 
0.038869 
0.039048 
0.041068 
0.041426 
0.041886 
0.041770 
0.044206 
0.044145 
0.044854 
0.045084 
0.050724 
0.047110 
0.048321 
0.049221 
0.050788 
0.050527 
0.051423 
0.051690 
0.063825 
0.054050 
0.055223 
0.055515 
0.057281 
0.058472 
0.059146 
0.059123 
0.065303 
0.061751 
0.063092 
0.063146 
0.065122 
0.066813 
0.067821 
0.067861 
0.073660 
0.070553 
0.071207 
0.079046 
0.074134 
0.074234 
0.075503 
0.075879 
0.079968 
0.079169 
0.080803 
0.081015 
0.082649 
0.088235 
0.085700 
0.086066 
0.097532 
0.088664 
0.090054 
0.090640 
0.092911 
0.094056 
0.095921 
0.095738 
0.100009 
0.099417 
0.100815 
0.101889 
0.103734 
0.104385 
0.106317 
0.107489 
0.110950 
0.110011 
0.112583 
0.113273 
0.116051 
0.117605 
0.118298 
0.119193 
0.123930 
0.123077 
0.124552 
0.125681 
0.128347 
0.128795 
0.131004 
0.132763 
0.141396 
0.140522 
0.137707 
0.139679 
0.141809 
0.142551 
0.144842 
0.146563 
0.148659 
0.149434 
0.153288 
0.152998 
0.155456 
0.158103 
0.160630 
0.160934 
0.174780 
0.166112 
0.167846 
0.169363 
0.171959 
0.173399 
0.176877 
0.177708 
0.179497 
0.182812 
0.185167 
0.185864 
0.189135 
0.190657 
0.193076 
0.196062 
0.198889 
0.204126 
0.201488 
0.203335 
0.206231 
0.208002 
0.211399 
0.212311 
0.215358 
0.217015 
0.219496 
0.222336 
0.224804 
0.229967 
0.229200 
0.232194 
0.242733 
0.237180 
0.239163 
0.241732 
0.244927 
0.247788 
0.249552 
0.252234 
0.254893 
0.258074 
0.259627 
0.262295 
0.265976 
0.268436 
0.270837 
0.273709 
0.277557 
0.278896 
0.282445 
0.285363 
0.288302 
0.289213 
0.293190 
0.295621 
0.298708 
0.301958 
0.305018 
0.314789 
0.310733 
0.314611 
0.317483 
0.345464 
0.332883 
0.326283 
0.328731 
0.331198 
0.336690 
0.337305 
0.341864 
0.344437 
0.346594 
0.351067 
0.354937 
0.356561 
0.360638 
0.363918 
0.368000 
0.370307 
0.373120 
0.389448 
0.381673 
0.383120 
0.389129 
0.411432 
0.402592 
0.398570 
0.402203 
0.404276 
0.408946 
0.410669 
0.416400 
0.419186 
0.424072 
0.425490 
0.442089 
0.504898 
0.437877 
0.441256 
0.445564 
0.454134 
0.452527 
0.455861 
0.459743 
0.464913 
0.468178 
0.471131 
0.476466 
0.480636 
0.487704 
0.486562 
0.491754 
0.495715 
0.500612 
0.503102 
0.510754 
0.512996 
0.517542 
0.523114 
0.524476 
0.529288 
0.534490 
0.536920 
0.543705 
0.553561 
0.550457 
0.553527 
0.582132 
0.563543 
0.568701 
0.572251 
0.577372 
0.581113 
0.588339 
0.590832 
0.593789 
0.601143 
0.614030 
0.607921 
0.614535 
0.618880 
0.625995 
0.627274 
0.630072 
0.640129 
0.641843 
0.647300 
0.652111 
0.657196 
0.661984 
0.666815 
0.671969 
0.682799 
0.696202 
0.689084 
0.692048 
0.705906 
0.705224 
0.707543 
0.732748 
0.717477 
0.711899 
0.736279 
0.724487 
0.740010 
0.734114 
0.752435 
0.744612 
0.759936 
0.754852 
0.777114 
0.765925 
0.783938 
0.777180 
0.799062 
0.788050 
0.808199 
0.796073 
0.817294 
0.809832 
0.833252 
0.819397 
0.862244 
0.830464 
0.855214 
0.841678 
0.861923 
0.853435 
0.878932 
0.895940 
0.966736 
0.896970 
0.916986 
0.911905 
1.001451 
0.927198 
0.948423 
0.933612 
0.971331 
0.941781 
0.969431 
0.959560 
0.998064 
0.970770 
0.996080 
0.982827 
1.003256 
0.995334 
1.017145 
1.000597 
1.030597 
1.020229 
1.041553 
1.029578 
1.059691 
1.045682 
1.074492 
1.052734 
1.087999 
1.067599 
1.100453 
1.083420 
1.105911 
1.096164 
1.125789 
1.108148 
1.146053 
1.119113 
1.182073 
1.141910 
1.175687 
1.150765 
1.186767 
1.169753 
1.199860 
1.186629 
1.232157 
1.204894 
1.239008 
1.218505 
1.254573 
1.224091 
1.263891 
1.237597 
1.287573 
1.323322 
1.312647 
1.296545 
1.332678 
1.303963 
1.350803 
1.310769 
1.356916 
1.333432 
1.365582 
1.349111 
