0.000000 
0.000000 
0.000001 
0.000002 
0.000003 
0.000005 
0.000008 
0.000008 
0.000015 
0.000014 
0.000023 
0.000024 
0.000038 
0.000041 
0.000053 
0.000070 
0.000076 
0.000093 
0.000108 
0.000135 
0.000143 
0.000183 
0.000209 
0.000229 
0.000248 
0.000268 
0.000313 
0.000344 
0.000380 
0.000371 
0.000457 
0.000458 
0.000593 
0.000480 
0.000697 
0.000610 
0.000827 
0.000653 
0.000953 
0.000846 
0.001068 
0.000826 
0.001242 
0.001090 
0.001404 
0.001076 
0.001555 
0.001383 
0.001750 
0.001360 
0.001970 
0.001698 
0.002161 
0.001732 
0.002411 
0.002290 
0.002688 
0.002105 
0.002933 
0.002737 
0.003064 
0.002691 
0.003344 
0.003332 
0.003721 
0.003095 
0.004057 
0.003922 
0.004226 
0.003673 
0.004484 
0.004654 
0.004932 
0.004343 
0.005475 
0.005313 
0.005700 
0.005179 
0.006110 
0.006232 
0.006529 
0.005775 
0.006889 
0.006970 
0.007188 
0.006640 
0.007718 
0.008125 
0.008064 
0.007595 
0.008460 
0.007998 
0.008643 
0.008382 
0.010445 
0.009182 
0.009724 
0.009422 
0.010364 
0.010279 
0.010900 
0.010650 
0.012357 
0.011436 
0.012117 
0.011972 
0.012956 
0.013231 
0.013760 
0.013334 
0.016363 
0.014356 
0.015217 
0.014769 
0.015803 
0.015802 
0.016491 
0.016553 
0.019105 
0.017520 
0.018134 
0.018248 
0.019644 
0.019450 
0.020098 
0.019842 
0.022541 
0.021222 
0.021872 
0.021789 
0.023111 
0.023151 
0.023933 
0.023774 
0.027425 
0.025355 
0.025979 
0.026010 
0.027393 
0.027776 
0.028338 
0.028288 
0.035692 
0.030222 
0.030793 
0.030797 
0.032185 
0.032599 
0.033410 
0.033207 
0.037481 
0.035730 
0.035983 
0.035997 
0.037931 
0.038055 
0.038948 
0.039390 
0.041261 
0.040926 
0.041914 
0.041882 
0.044299 
0.044105 
0.044954 
0.044890 
0.051357 
0.047433 
0.048803 
0.049090 
0.050179 
0.050550 
0.051465 
0.051633 
0.064143 
0.054155 
0.055411 
0.055631 
0.057532 
0.057825 
0.059126 
0.059052 
0.065398 
0.061583 
0.063178 
0.063231 
0.065741 
0.066090 
0.067091 
0.067084 
0.074648 
0.071361 
0.071529 
0.079243 
0.073953 
0.074268 
0.075559 
0.075908 
0.082821 
0.079437 
0.080427 
0.080721 
0.083019 
0.087107 
0.086110 
0.086135 
0.100503 
0.088472 
0.090124 
0.090485 
0.094464 
0.094291 
0.095309 
0.095745 
0.102924 
0.099925 
0.101339 
0.101294 
0.103912 
0.104343 
0.106853 
0.107695 
0.110778 
0.110099 
0.112798 
0.113461 
0.115603 
0.117462 
0.118334 
0.120171 
0.123480 
0.122672 
0.124629 
0.126251 
0.127897 
0.128729 
0.130863 
0.133326 
0.140392 
0.139925 
0.138079 
0.140047 
0.141181 
0.142386 
0.145563 
0.145886 
0.148752 
0.149752 
0.153417 
0.152968 
0.155815 
0.158135 
0.160520 
0.160870 
0.176597 
0.165189 
0.168033 
0.169871 
0.171481 
0.173794 
0.177261 
0.177173 
0.179315 
0.182948 
0.184922 
0.186283 
0.188937 
0.190089 
0.194680 
0.194341 
0.199003 
0.203928 
0.201739 
0.203840 
0.205951 
0.207860 
0.211860 
0.212028 
0.215561 
0.216898 
0.220482 
0.221828 
0.225852 
0.229299 
0.229482 
0.232194 
0.242819 
0.237065 
0.239518 
0.241705 
0.244767 
0.247420 
0.249210 
0.251591 
0.254916 
0.257381 
0.259911 
0.262018 
0.265818 
0.268001 
0.270389 
0.273142 
0.277827 
0.278272 
0.281529 
0.285295 
0.287859 
0.289651 
0.293060 
0.295973 
0.297642 
0.301460 
0.304801 
0.314964 
0.310716 
0.313559 
0.317191 
0.344274 
0.332018 
0.325466 
0.329206 
0.330066 
0.335699 
0.338449 
0.340865 
0.343836 
0.347262 
0.350110 
0.354366 
0.424889 
0.361532 
0.363116 
0.367048 
0.370322 
0.374085 
0.376348 
0.381234 
0.382814 
0.389538 
0.401731 
0.401877 
0.398300 
0.400754 
0.406395 
0.408303 
0.410462 
0.416256 
0.418737 
0.423791 
0.425828 
0.442421 
0.433749 
0.437528 
0.441491 
0.446133 
0.454473 
0.453483 
0.456301 
0.460899 
0.464168 
0.469035 
0.470121 
0.477373 
0.480844 
0.487049 
0.486657 
0.491413 
0.496446 
0.500741 
0.502803 
0.511340 
0.512512 
0.519075 
0.521618 
0.524083 
0.529831 
0.534064 
0.536585 
0.542609 
0.554365 
0.550734 
0.556823 
0.584231 
0.563428 
0.570076 
0.571744 
0.577833 
0.581339 
0.589117 
0.590991 
0.595185 
0.608766 
0.616714 
0.608353 
0.614918 
0.619108 
0.626431 
0.626900 
0.632723 
0.640771 
0.644050 
0.650717 
0.654923 
0.656336 
0.661952 
0.697488 
0.673487 
0.685147 
0.710547 
0.688825 
0.693688 
0.704152 
0.704129 
0.708286 
0.732453 
0.719388 
0.711867 
0.738509 
0.724016 
0.740749 
0.732675 
0.751875 
0.745148 
0.760837 
0.754910 
0.777800 
0.764639 
0.786506 
0.776268 
0.801417 
0.787855 
0.824934 
0.797491 
0.815385 
0.873481 
0.835206 
0.819439 
0.867132 
0.831786 
0.854753 
0.842199 
0.865441 
0.854293 
0.878825 
0.867425 
0.885181 
0.879512 
0.899615 
0.890532 
0.985289 
0.904956 
0.929366 
0.915262 
0.960379 
0.926896 
0.953223 
0.937805 
0.979877 
0.951534 
0.984441 
0.965471 
0.992407 
0.979393 
1.008645 
0.989281 
1.015958 
1.000934 
1.032097 
1.013973 
1.049274 
1.030426 
1.066765 
1.045470 
1.073189 
1.055135 
1.090922 
1.067699 
1.102737 
1.083475 
1.114438 
1.098665 
1.137187 
1.109328 
1.176538 
1.123085 
1.158181 
1.137027 
1.176211 
1.152613 
1.187061 
1.166776 
1.219970 
1.179494 
1.220664 
1.262116 
1.237149 
1.206887 
1.253095 
1.220733 
1.268557 
1.234772 
1.284543 
1.250372 
1.305020 
1.265341 
1.320831 
1.279815 
1.328912 
1.296859 
1.337326 
1.317904 
