0.000000 
0.000001 
0.000001 
0.000002 
0.000004 
0.000004 
0.000007 
0.000008 
0.000015 
0.000014 
0.000023 
0.000029 
0.000037 
0.000043 
0.000053 
0.000072 
0.000077 
0.000100 
0.000108 
0.000128 
0.000153 
0.000182 
0.000200 
0.000222 
0.000246 
0.000294 
0.000313 
0.000345 
0.000372 
0.000372 
0.000481 
0.000455 
0.000593 
0.000482 
0.000694 
0.000614 
0.000813 
0.000643 
0.000958 
0.000840 
0.001069 
0.000832 
0.001272 
0.001147 
0.001441 
0.001074 
0.001577 
0.001421 
0.001751 
0.001356 
0.001944 
0.001752 
0.002174 
0.001738 
0.002422 
0.002234 
0.002675 
0.002099 
0.002940 
0.002719 
0.003031 
0.002696 
0.003417 
0.003375 
0.003688 
0.003129 
0.003902 
0.003915 
0.004113 
0.003675 
0.004613 
0.004595 
0.004957 
0.004483 
0.005563 
0.005476 
0.005756 
0.005029 
0.005807 
0.006306 
0.006497 
0.005816 
0.007074 
0.007264 
0.007400 
0.006663 
0.007582 
0.007769 
0.008069 
0.007638 
0.008558 
0.008037 
0.008790 
0.008604 
0.010711 
0.009428 
0.009821 
0.009484 
0.010446 
0.010250 
0.010966 
0.010780 
0.012372 
0.011637 
0.012297 
0.012001 
0.013042 
0.012909 
0.013637 
0.013443 
0.016699 
0.014376 
0.015200 
0.015101 
0.016291 
0.016196 
0.017234 
0.016941 
0.018954 
0.017642 
0.018743 
0.018719 
0.019230 
0.019576 
0.020158 
0.020008 
0.023135 
0.021389 
0.021994 
0.021857 
0.024375 
0.023604 
0.024156 
0.023984 
0.027944 
0.025557 
0.026281 
0.026921 
0.028234 
0.028302 
0.028471 
0.029321 
0.035472 
0.030051 
0.031011 
0.031395 
0.033324 
0.033563 
0.033574 
0.033770 
0.037831 
0.035471 
0.036761 
0.036866 
0.038764 
0.038266 
0.041055 
0.040197 
0.042482 
0.041225 
0.042139 
0.043094 
0.044892 
0.044726 
0.045625 
0.046297 
0.051262 
0.048714 
0.049063 
0.050311 
0.050532 
0.052908 
0.051940 
0.053441 
0.064118 
0.055228 
0.057050 
0.057291 
0.059144 
0.059019 
0.059590 
0.060478 
0.065069 
0.063079 
0.063931 
0.065150 
0.065789 
0.067065 
0.068283 
0.068304 
0.074689 
0.071061 
0.073252 
0.079194 
0.074217 
0.076289 
0.077341 
0.078317 
0.083265 
0.080358 
0.081725 
0.082465 
0.083632 
0.090063 
0.087034 
0.086501 
0.096743 
0.090103 
0.091857 
0.092383 
0.095782 
0.095825 
0.097511 
0.098236 
0.101297 
0.101824 
0.103094 
0.102987 
0.105140 
0.107372 
0.110107 
0.109467 
0.112500 
0.113207 
0.116097 
0.115138 
0.117463 
0.119942 
0.122193 
0.121799 
0.125262 
0.125674 
0.128491 
0.128980 
0.131224 
0.131754 
0.136309 
0.135222 
0.143479 
0.143400 
0.143333 
0.142305 
0.144879 
0.146270 
0.149475 
0.148401 
0.152453 
0.155336 
0.155385 
0.157343 
0.161022 
0.160775 
0.163783 
0.165701 
0.176448 
0.170230 
0.173091 
0.175134 
0.177465 
0.183544 
0.179781 
0.184976 
0.183874 
0.185643 
0.189419 
0.188081 
0.191829 
0.196208 
0.196125 
0.201200 
0.203920 
0.208046 
0.207765 
0.207594 
0.210990 
0.213728 
0.215191 
0.216760 
0.219095 
0.222489 
0.223213 
0.224754 
0.229228 
0.235015 
0.234544 
0.238042 
0.247025 
0.243312 
0.245521 
0.247718 
0.249880 
0.251569 
0.254769 
0.257232 
0.260395 
0.264659 
0.265056 
0.267961 
0.271250 
0.274309 
0.276934 
0.278509 
0.284310 
0.287679 
0.290714 
0.291070 
0.296051 
0.297569 
0.299041 
0.302009 
0.306805 
0.312805 
0.313393 
0.321964 
0.318902 
0.318158 
0.324609 
0.349605 
0.336781 
0.336682 
0.338764 
0.340346 
0.346971 
0.349516 
0.353104 
0.352309 
0.358333 
0.360772 
0.363593 
0.371430 
0.372919 
0.377478 
0.380427 
0.400093 
0.385463 
0.387568 
0.393067 
0.395628 
0.401312 
0.412516 
0.410686 
0.410913 
0.412300 
0.416196 
0.421494 
0.446678 
0.430470 
0.432289 
0.435302 
0.439855 
0.468381 
0.445617 
0.448479 
0.455553 
0.457623 
0.466259 
0.488035 
0.468394 
0.471548 
0.477817 
0.484124 
0.504450 
0.488988 
0.496154 
0.500743 
0.582732 
0.509199 
0.511063 
0.517682 
0.518152 
0.535903 
0.528587 
0.529580 
0.533073 
0.538208 
0.544731 
0.548930 
0.555109 
0.556762 
0.569872 
0.566648 
0.572471 
0.603688 
0.582935 
0.585544 
0.586288 
0.595252 
0.591557 
0.601584 
0.606218 
0.610891 
0.617639 
0.629081 
0.628447 
0.629262 
0.630565 
0.639279 
0.637704 
0.642179 
0.651124 
0.656579 
0.659657 
0.668252 
0.676456 
0.683466 
0.684149 
0.693893 
0.698920 
0.712186 
0.704239 
0.713916 
0.737790 
0.723942 
0.726078 
0.750725 
0.764632 
0.730828 
0.778690 
0.745076 
0.763695 
0.753802 
0.779538 
0.766298 
0.786343 
0.801484 
0.809418 
0.812241 
0.810522 
0.805118 
0.828815 
0.839771 
0.827071 
0.833965 
0.838003 
0.825469 
0.854597 
0.840535 
1.022738 
0.847274 
0.878201 
0.861061 
0.875382 
0.873650 
0.893470 
0.886324 
0.908049 
0.905102 
0.923153 
0.915896 
1.069014 
0.932249 
0.949280 
0.936565 
0.983513 
0.951078 
0.976544 
0.974184 
1.008718 
0.980595 
1.004782 
1.000816 
1.017343 
1.005464 
1.030604 
1.018197 
1.049141 
1.034447 
1.061042 
1.040433 
1.060780 
1.053166 
1.095570 
1.076921 
1.100051 
1.080918 
1.118024 
1.099600 
1.122519 
1.109330 
1.132978 
1.108394 
1.154532 
1.151119 
1.178813 
1.125773 
1.164047 
1.139071 
1.177875 
1.155393 
1.189114 
1.172577 
1.220773 
1.180287 
1.221086 
1.196005 
1.270206 
1.328161 
1.370612 
1.343751 
1.484723 
1.309998 
1.413063 
1.332843 
1.434478 
1.281925 
1.331475 
1.290915 
1.384514 
1.316200 
1.359777 
1.343572 
